[DBG] sensorHeight=66.0
Returned to Origin, Ready to Scan
[DBG] numPts=1500
0.00 0.00 1.00
0.00 10.00 1.00
0.00 20.00 1.00
0.00 30.00 1.00
0.00 40.00 1.00
0.00 50.00 1.00
0.00 60.00 1.00
0.00 70.00 2.00
0.00 80.00 1.00
0.00 90.00 1.00
0.00 100.00 2.00
0.00 110.00 3.00
0.00 120.00 1.00
0.00 130.00 2.00
0.00 140.00 2.00
0.00 150.00 1.00
0.00 160.00 1.00
0.00 170.00 1.00
0.00 180.00 1.00
0.00 190.00 1.00
0.00 200.00 2.00
0.00 210.00 2.00
0.00 220.00 2.00
0.00 230.00 3.00
0.00 240.00 3.00
0.00 250.00 3.00
0.00 260.00 2.00
0.00 270.00 3.00
0.00 280.00 2.00
0.00 290.00 2.00
0.00 300.00 1.00
0.00 310.00 2.00
0.00 320.00 2.00
0.00 330.00 1.00
0.00 340.00 2.00
0.00 350.00 2.00
0.00 360.00 3.00
0.00 370.00 2.00
0.00 380.00 3.00
0.00 390.00 2.00
0.00 400.00 2.00
0.00 410.00 3.00
0.00 420.00 2.00
0.00 430.00 1.00
0.00 440.00 3.00
0.00 450.00 2.00
0.00 460.00 1.00
0.00 470.00 1.00
0.00 480.00 3.00
0.00 490.00 2.00
0.00 500.00 3.00
10.00 500.00 2.00
10.00 490.00 2.00
10.00 480.00 3.00
10.00 470.00 4.00
10.00 460.00 3.00
10.00 450.00 2.00
10.00 440.00 1.00
10.00 430.00 1.00
10.00 420.00 1.00
10.00 410.00 1.00
10.00 400.00 1.00
10.00 390.00 1.00
10.00 380.00 1.00
10.00 370.00 1.00
10.00 360.00 1.00
10.00 350.00 1.00
10.00 340.00 1.00
10.00 330.00 1.00
10.00 320.00 1.00
10.00 310.00 1.00
10.00 300.00 1.00
10.00 290.00 1.00
10.00 280.00 1.00
10.00 270.00 1.00
10.00 260.00 1.00
10.00 250.00 1.00
10.00 240.00 1.00
10.00 230.00 2.00
10.00 220.00 1.00
10.00 210.00 1.00
10.00 200.00 1.00
10.00 190.00 1.00
10.00 180.00 2.00
10.00 170.00 1.00
10.00 160.00 1.00
10.00 150.00 1.00
10.00 140.00 1.00
10.00 130.00 1.00
10.00 120.00 1.00
10.00 110.00 2.00
10.00 100.00 2.00
10.00 90.00 1.00
10.00 80.00 1.00
10.00 70.00 1.00
10.00 60.00 2.00
10.00 50.00 1.00
10.00 40.00 1.00
10.00 30.00 1.00
10.00 20.00 1.00
10.00 10.00 1.00
10.00 0.00 1.00
20.00 0.00 1.00
20.00 10.00 1.00
20.00 20.00 1.00
20.00 30.00 1.00
20.00 40.00 1.00
20.00 50.00 1.00
20.00 60.00 1.00
20.00 70.00 1.00
20.00 80.00 1.00
20.00 90.00 1.00
20.00 100.00 1.00
20.00 110.00 1.00
20.00 120.00 1.00
20.00 130.00 1.00
20.00 140.00 1.00
20.00 150.00 1.00
20.00 160.00 1.00
20.00 170.00 1.00
20.00 180.00 1.00
20.00 190.00 1.00
20.00 200.00 1.00
20.00 210.00 1.00
20.00 220.00 1.00
20.00 230.00 1.00
20.00 240.00 1.00
20.00 250.00 1.00
20.00 260.00 1.00
20.00 270.00 1.00
20.00 280.00 1.00
20.00 290.00 1.00
20.00 300.00 1.00
20.00 310.00 1.00
20.00 320.00 1.00
20.00 330.00 1.00
20.00 340.00 1.00
20.00 350.00 1.00
20.00 360.00 1.00
20.00 370.00 1.00
20.00 380.00 1.00
20.00 390.00 1.00
20.00 400.00 1.00
20.00 410.00 1.00
20.00 420.00 1.00
20.00 430.00 1.00
20.00 440.00 1.00
20.00 450.00 1.00
20.00 460.00 1.00
20.00 470.00 1.00
20.00 480.00 1.00
20.00 490.00 1.00
20.00 500.00 1.00
30.00 500.00 1.00
30.00 490.00 1.00
30.00 480.00 1.00
30.00 470.00 1.00
30.00 460.00 1.00
30.00 450.00 1.00
30.00 440.00 1.00
30.00 430.00 1.00
30.00 420.00 1.00
30.00 410.00 1.00
30.00 400.00 1.00
30.00 390.00 1.00
30.00 380.00 1.00
30.00 370.00 1.00
30.00 360.00 1.00
30.00 350.00 2.00
30.00 340.00 1.00
30.00 330.00 1.00
30.00 320.00 1.00
30.00 310.00 1.00
30.00 300.00 1.00
30.00 290.00 1.00
30.00 280.00 1.00
30.00 270.00 1.00
30.00 260.00 1.00
30.00 250.00 1.00
30.00 240.00 1.00
30.00 230.00 1.00
30.00 220.00 1.00
30.00 210.00 1.00
30.00 200.00 1.00
30.00 190.00 2.00
30.00 180.00 1.00
30.00 170.00 1.00
30.00 160.00 1.00
30.00 150.00 1.00
30.00 140.00 2.00
30.00 130.00 2.00
30.00 120.00 1.00
30.00 110.00 1.00
30.00 100.00 1.00
30.00 90.00 1.00
30.00 80.00 2.00
30.00 70.00 1.00
30.00 60.00 1.00
30.00 50.00 1.00
30.00 40.00 1.00
30.00 30.00 1.00
30.00 20.00 1.00
30.00 10.00 1.00
30.00 0.00 1.00
40.00 0.00 1.00
40.00 10.00 1.00
40.00 20.00 1.00
40.00 30.00 1.00
40.00 40.00 1.00
40.00 50.00 1.00
40.00 60.00 1.00
40.00 70.00 1.00
40.00 80.00 1.00
40.00 90.00 1.00
40.00 100.00 1.00
40.00 110.00 1.00
40.00 120.00 1.00
40.00 130.00 1.00
40.00 140.00 1.00
40.00 150.00 1.00
40.00 160.00 1.00
40.00 170.00 1.00
40.00 180.00 1.00
40.00 190.00 1.00
40.00 200.00 1.00
40.00 210.00 1.00
40.00 220.00 1.00
40.00 230.00 1.00
40.00 240.00 1.00
40.00 250.00 1.00
40.00 260.00 1.00
40.00 270.00 1.00
40.00 280.00 1.00
40.00 290.00 1.00
40.00 300.00 1.00
40.00 310.00 1.00
40.00 320.00 1.00
40.00 330.00 1.00
40.00 340.00 1.00
40.00 350.00 1.00
40.00 360.00 1.00
40.00 370.00 1.00
40.00 380.00 1.00
40.00 390.00 1.00
40.00 400.00 1.00
40.00 410.00 1.00
40.00 420.00 1.00
40.00 430.00 1.00
40.00 440.00 1.00
40.00 450.00 1.00
40.00 460.00 1.00
40.00 470.00 1.00
40.00 480.00 1.00
40.00 490.00 1.00
40.00 500.00 1.00
50.00 500.00 1.00
50.00 490.00 1.00
50.00 480.00 1.00
50.00 470.00 1.00
50.00 460.00 1.00
50.00 450.00 1.00
50.00 440.00 1.00
50.00 430.00 1.00
50.00 420.00 1.00
50.00 410.00 1.00
50.00 400.00 1.00
50.00 390.00 1.00
50.00 380.00 1.00
50.00 370.00 2.00
50.00 360.00 1.00
50.00 350.00 1.00
50.00 340.00 2.00
50.00 330.00 4.00
50.00 320.00 3.00
50.00 310.00 3.00
50.00 300.00 1.00
50.00 290.00 1.00
50.00 280.00 1.00
50.00 270.00 1.00
50.00 260.00 1.00
50.00 250.00 1.00
50.00 240.00 1.00
50.00 230.00 1.00
50.00 220.00 1.00
50.00 210.00 1.00
50.00 200.00 1.00
50.00 190.00 1.00
50.00 180.00 1.00
50.00 170.00 1.00
50.00 160.00 1.00
50.00 150.00 1.00
50.00 140.00 1.00
50.00 130.00 1.00
50.00 120.00 1.00
50.00 110.00 1.00
50.00 100.00 1.00
50.00 90.00 1.00
50.00 80.00 1.00
50.00 70.00 1.00
50.00 60.00 1.00
50.00 50.00 1.00
50.00 40.00 1.00
50.00 30.00 1.00
50.00 20.00 1.00
50.00 10.00 1.00
50.00 0.00 1.00
60.00 0.00 1.00
60.00 10.00 1.00
60.00 20.00 1.00
60.00 30.00 1.00
60.00 40.00 1.00
60.00 50.00 1.00
60.00 60.00 1.00
60.00 70.00 1.00
60.00 80.00 1.00
60.00 90.00 1.00
60.00 100.00 1.00
60.00 110.00 1.00
60.00 120.00 1.00
60.00 130.00 1.00
60.00 140.00 1.00
60.00 150.00 1.00
60.00 160.00 1.00
60.00 170.00 1.00
60.00 180.00 1.00
60.00 190.00 1.00
60.00 200.00 1.00
60.00 210.00 1.00
60.00 220.00 1.00
60.00 230.00 1.00
60.00 240.00 1.00
60.00 250.00 1.00
60.00 260.00 1.00
60.00 270.00 1.00
60.00 280.00 1.00
60.00 290.00 1.00
60.00 300.00 1.00
60.00 310.00 2.00
60.00 320.00 4.00
60.00 330.00 3.00
60.00 340.00 3.00
60.00 350.00 2.00
60.00 360.00 1.00
60.00 370.00 1.00
60.00 380.00 1.00
60.00 390.00 1.00
60.00 400.00 1.00
60.00 410.00 1.00
60.00 420.00 1.00
60.00 430.00 1.00
60.00 440.00 1.00
60.00 450.00 1.00
60.00 460.00 1.00
60.00 470.00 1.00
60.00 480.00 1.00
60.00 490.00 2.00
60.00 500.00 3.00
70.00 500.00 4.00
70.00 490.00 4.00
70.00 480.00 3.00
70.00 470.00 3.00
70.00 460.00 1.00
70.00 450.00 1.00
70.00 440.00 1.00
70.00 430.00 1.00
70.00 420.00 1.00
70.00 410.00 1.00
70.00 400.00 1.00
70.00 390.00 1.00
70.00 380.00 2.00
70.00 370.00 1.00
70.00 360.00 2.00
70.00 350.00 4.00
70.00 340.00 5.00
70.00 330.00 5.00
70.00 320.00 7.00
70.00 310.00 7.00
70.00 300.00 5.00
70.00 290.00 3.00
70.00 280.00 2.00
70.00 270.00 1.00
70.00 260.00 1.00
70.00 250.00 1.00
70.00 240.00 1.00
70.00 230.00 1.00
70.00 220.00 1.00
70.00 210.00 1.00
70.00 200.00 1.00
70.00 190.00 1.00
70.00 180.00 1.00
70.00 170.00 1.00
70.00 160.00 1.00
70.00 150.00 1.00
70.00 140.00 1.00
70.00 130.00 1.00
70.00 120.00 1.00
70.00 110.00 1.00
70.00 100.00 1.00
70.00 90.00 1.00
70.00 80.00 1.00
70.00 70.00 1.00
70.00 60.00 1.00
70.00 50.00 1.00
70.00 40.00 1.00
70.00 30.00 1.00
70.00 20.00 1.00
70.00 10.00 1.00
70.00 0.00 1.00
80.00 0.00 1.00
80.00 10.00 1.00
80.00 20.00 1.00
80.00 30.00 1.00
80.00 40.00 1.00
80.00 50.00 1.00
80.00 60.00 1.00
80.00 70.00 1.00
80.00 80.00 1.00
80.00 90.00 1.00
80.00 100.00 1.00
80.00 110.00 1.00
80.00 120.00 1.00
80.00 130.00 1.00
80.00 140.00 1.00
80.00 150.00 1.00
80.00 160.00 1.00
80.00 170.00 1.00
80.00 180.00 1.00
80.00 190.00 1.00
80.00 200.00 1.00
80.00 210.00 1.00
80.00 220.00 1.00
80.00 230.00 1.00
80.00 240.00 1.00
80.00 250.00 1.00
80.00 260.00 1.00
80.00 270.00 1.00
80.00 280.00 3.00
80.00 290.00 4.00
80.00 300.00 9.00
80.00 310.00 9.00
80.00 320.00 10.00
80.00 330.00 11.00
80.00 340.00 8.00
80.00 350.00 5.00
80.00 360.00 3.00
80.00 370.00 1.00
80.00 380.00 1.00
80.00 390.00 1.00
80.00 400.00 1.00
80.00 410.00 1.00
80.00 420.00 1.00
80.00 430.00 1.00
80.00 440.00 1.00
80.00 450.00 4.00
80.00 460.00 7.00
80.00 470.00 8.00
80.00 480.00 9.00
80.00 490.00 9.00
80.00 500.00 8.00
90.00 500.00 10.00
90.00 490.00 10.00
90.00 480.00 10.00
90.00 470.00 11.00
90.00 460.00 7.00
90.00 450.00 4.00
90.00 440.00 2.00
90.00 430.00 1.00
90.00 420.00 1.00
90.00 410.00 1.00
90.00 400.00 1.00
90.00 390.00 1.00
90.00 380.00 1.00
90.00 370.00 3.00
90.00 360.00 3.00
90.00 350.00 5.00
90.00 340.00 7.00
90.00 330.00 11.00
90.00 320.00 12.00
90.00 310.00 12.00
90.00 300.00 11.00
90.00 290.00 10.00
90.00 280.00 7.00
90.00 270.00 3.00
90.00 260.00 2.00
90.00 250.00 2.00
90.00 240.00 1.00
90.00 230.00 1.00
90.00 220.00 1.00
90.00 210.00 2.00
90.00 200.00 1.00
90.00 190.00 1.00
90.00 180.00 1.00
90.00 170.00 1.00
90.00 160.00 1.00
90.00 150.00 1.00
90.00 140.00 1.00
90.00 130.00 1.00
90.00 120.00 1.00
90.00 110.00 1.00
90.00 100.00 1.00
90.00 90.00 1.00
90.00 80.00 1.00
90.00 70.00 1.00
90.00 60.00 1.00
90.00 50.00 1.00
90.00 40.00 1.00
90.00 30.00 1.00
90.00 20.00 1.00
90.00 10.00 1.00
90.00 0.00 1.00
100.00 0.00 1.00
100.00 10.00 1.00
100.00 20.00 1.00
100.00 30.00 1.00
100.00 40.00 1.00
100.00 50.00 1.00
100.00 60.00 1.00
100.00 70.00 1.00
100.00 80.00 1.00
100.00 90.00 1.00
100.00 100.00 1.00
100.00 110.00 1.00
100.00 120.00 1.00
100.00 130.00 1.00
100.00 140.00 1.00
100.00 150.00 1.00
100.00 160.00 1.00
100.00 170.00 1.00
100.00 180.00 1.00
100.00 190.00 1.00
100.00 200.00 1.00
100.00 210.00 1.00
100.00 220.00 2.00
100.00 230.00 2.00
100.00 240.00 3.00
100.00 250.00 4.00
100.00 260.00 4.00
100.00 270.00 7.00
100.00 280.00 9.00
100.00 290.00 12.00
100.00 300.00 14.00
100.00 310.00 14.00
100.00 320.00 14.00
100.00 330.00 13.00
100.00 340.00 12.00
100.00 350.00 8.00
100.00 360.00 4.00
100.00 370.00 4.00
100.00 380.00 4.00
100.00 390.00 2.00
100.00 400.00 2.00
100.00 410.00 3.00
100.00 420.00 4.00
100.00 430.00 7.00
100.00 440.00 11.00
100.00 450.00 12.00
100.00 460.00 13.00
100.00 470.00 14.00
100.00 480.00 14.00
100.00 490.00 14.00
100.00 500.00 13.00
110.00 500.00 13.00
110.00 490.00 13.00
110.00 480.00 15.00
110.00 470.00 15.00
110.00 460.00 15.00
110.00 450.00 14.00
110.00 440.00 11.00
110.00 430.00 8.00
110.00 420.00 5.00
110.00 410.00 3.00
110.00 400.00 3.00
110.00 390.00 4.00
110.00 380.00 4.00
110.00 370.00 5.00
110.00 360.00 7.00
110.00 350.00 8.00
110.00 340.00 12.00
110.00 330.00 14.00
110.00 320.00 16.00
110.00 310.00 15.00
110.00 300.00 17.00
110.00 290.00 16.00
110.00 280.00 13.00
110.00 270.00 12.00
110.00 260.00 8.00
110.00 250.00 7.00
110.00 240.00 7.00
110.00 230.00 5.00
110.00 220.00 5.00
110.00 210.00 5.00
110.00 200.00 3.00
110.00 190.00 1.00
110.00 180.00 1.00
110.00 170.00 1.00
110.00 160.00 1.00
110.00 150.00 1.00
110.00 140.00 1.00
110.00 130.00 1.00
110.00 120.00 1.00
110.00 110.00 1.00
110.00 100.00 1.00
110.00 90.00 1.00
110.00 80.00 1.00
110.00 70.00 1.00
110.00 60.00 1.00
110.00 50.00 1.00
110.00 40.00 1.00
110.00 30.00 1.00
110.00 20.00 1.00
110.00 10.00 1.00
110.00 0.00 1.00
120.00 0.00 1.00
120.00 10.00 1.00
120.00 20.00 1.00
120.00 30.00 1.00
120.00 40.00 1.00
120.00 50.00 1.00
120.00 60.00 1.00
120.00 70.00 1.00
120.00 80.00 1.00
120.00 90.00 1.00
120.00 100.00 1.00
120.00 110.00 1.00
120.00 120.00 1.00
120.00 130.00 1.00
120.00 140.00 1.00
120.00 150.00 1.00
120.00 160.00 1.00
120.00 170.00 1.00
120.00 180.00 1.00
120.00 190.00 1.00
120.00 200.00 4.00
120.00 210.00 4.00
120.00 220.00 5.00
120.00 230.00 7.00
120.00 240.00 5.00
120.00 250.00 7.00
120.00 260.00 8.00
120.00 270.00 9.00
120.00 280.00 11.00
120.00 290.00 13.00
120.00 300.00 16.00
120.00 310.00 16.00
120.00 320.00 16.00
120.00 330.00 15.00
120.00 340.00 16.00
120.00 350.00 11.00
120.00 360.00 5.00
120.00 370.00 5.00
120.00 380.00 4.00
120.00 390.00 4.00
120.00 400.00 4.00
120.00 410.00 5.00
120.00 420.00 9.00
120.00 430.00 12.00
120.00 440.00 15.00
120.00 450.00 14.00
120.00 460.00 15.00
120.00 470.00 15.00
120.00 480.00 15.00
120.00 490.00 15.00
120.00 500.00 14.00
130.00 500.00 12.00
130.00 490.00 12.00
130.00 480.00 16.00
130.00 470.00 17.00
130.00 460.00 17.00
130.00 450.00 17.00
130.00 440.00 17.00
130.00 430.00 15.00
130.00 420.00 13.00
130.00 410.00 9.00
130.00 400.00 8.00
130.00 390.00 7.00
130.00 380.00 7.00
130.00 370.00 8.00
130.00 360.00 7.00
130.00 350.00 9.00
130.00 340.00 14.00
130.00 330.00 14.00
130.00 320.00 16.00
130.00 310.00 17.00
130.00 300.00 16.00
130.00 290.00 16.00
130.00 280.00 14.00
130.00 270.00 13.00
130.00 260.00 10.00
130.00 250.00 10.00
130.00 240.00 9.00
130.00 230.00 9.00
130.00 220.00 9.00
130.00 210.00 8.00
130.00 200.00 7.00
130.00 190.00 2.00
130.00 180.00 1.00
130.00 170.00 1.00
130.00 160.00 1.00
130.00 150.00 1.00
130.00 140.00 1.00
130.00 130.00 1.00
130.00 120.00 1.00
130.00 110.00 1.00
130.00 100.00 1.00
130.00 90.00 1.00
130.00 80.00 1.00
130.00 70.00 1.00
130.00 60.00 1.00
130.00 50.00 1.00
130.00 40.00 1.00
130.00 30.00 1.00
130.00 20.00 1.00
130.00 10.00 1.00
130.00 0.00 1.00
140.00 0.00 1.00
140.00 10.00 1.00
140.00 20.00 1.00
140.00 30.00 1.00
140.00 40.00 1.00
140.00 50.00 1.00
140.00 60.00 1.00
140.00 70.00 1.00
140.00 80.00 1.00
140.00 90.00 1.00
140.00 100.00 1.00
140.00 110.00 1.00
140.00 120.00 1.00
140.00 130.00 1.00
140.00 140.00 1.00
140.00 150.00 1.00
140.00 160.00 1.00
140.00 170.00 1.00
140.00 180.00 1.00
140.00 190.00 4.00
140.00 200.00 7.00
140.00 210.00 9.00
140.00 220.00 10.00
140.00 230.00 11.00
140.00 240.00 10.00
140.00 250.00 11.00
140.00 260.00 10.00
140.00 270.00 12.00
140.00 280.00 12.00
140.00 290.00 14.00
140.00 300.00 16.00
140.00 310.00 17.00
140.00 320.00 16.00
140.00 330.00 15.00
140.00 340.00 14.00
140.00 350.00 10.00
140.00 360.00 7.00
140.00 370.00 9.00
140.00 380.00 9.00
140.00 390.00 9.00
140.00 400.00 9.00
140.00 410.00 12.00
140.00 420.00 14.00
140.00 430.00 16.00
140.00 440.00 16.00
140.00 450.00 16.00
140.00 460.00 17.00
140.00 470.00 17.00
140.00 480.00 15.00
140.00 490.00 15.00
140.00 500.00 13.00
150.00 500.00 13.00
150.00 490.00 13.00
150.00 480.00 17.00
150.00 470.00 18.00
150.00 460.00 18.00
150.00 450.00 19.00
150.00 440.00 18.00
150.00 430.00 17.00
150.00 420.00 17.00
150.00 410.00 16.00
150.00 400.00 12.00
150.00 390.00 12.00
150.00 380.00 12.00
150.00 370.00 10.00
150.00 360.00 10.00
150.00 350.00 11.00
150.00 340.00 15.00
150.00 330.00 16.00
150.00 320.00 17.00
150.00 310.00 18.00
150.00 300.00 17.00
150.00 290.00 16.00
150.00 280.00 14.00
150.00 270.00 13.00
150.00 260.00 12.00
150.00 250.00 12.00
150.00 240.00 12.00
150.00 230.00 11.00
150.00 220.00 12.00
150.00 210.00 8.00
150.00 200.00 8.00
150.00 190.00 5.00
150.00 180.00 1.00
150.00 170.00 1.00
150.00 160.00 1.00
150.00 150.00 1.00
150.00 140.00 1.00
150.00 130.00 1.00
150.00 120.00 1.00
150.00 110.00 1.00
150.00 100.00 1.00
150.00 90.00 1.00
150.00 80.00 1.00
150.00 70.00 1.00
150.00 60.00 1.00
150.00 50.00 1.00
150.00 40.00 1.00
150.00 30.00 1.00
150.00 20.00 1.00
150.00 10.00 1.00
150.00 0.00 1.00
160.00 0.00 1.00
160.00 10.00 1.00
160.00 20.00 1.00
160.00 30.00 1.00
160.00 40.00 1.00
160.00 50.00 1.00
160.00 60.00 1.00
160.00 70.00 1.00
160.00 80.00 1.00
160.00 90.00 1.00
160.00 100.00 1.00
160.00 110.00 1.00
160.00 120.00 1.00
160.00 130.00 1.00
160.00 140.00 1.00
160.00 150.00 1.00
160.00 160.00 1.00
160.00 170.00 1.00
160.00 180.00 3.00
160.00 190.00 5.00
160.00 200.00 8.00
160.00 210.00 9.00
160.00 220.00 10.00
160.00 230.00 12.00
160.00 240.00 12.00
160.00 250.00 12.00
160.00 260.00 12.00
160.00 270.00 13.00
160.00 280.00 15.00
160.00 290.00 15.00
160.00 300.00 16.00
160.00 310.00 18.00
160.00 320.00 16.00
160.00 330.00 16.00
160.00 340.00 15.00
160.00 350.00 15.00
160.00 360.00 13.00
160.00 370.00 12.00
160.00 380.00 12.00
160.00 390.00 14.00
160.00 400.00 15.00
160.00 410.00 17.00
160.00 420.00 17.00
160.00 430.00 18.00
160.00 440.00 18.00
160.00 450.00 18.00
160.00 460.00 18.00
160.00 470.00 18.00
160.00 480.00 16.00
160.00 490.00 16.00
160.00 500.00 12.00
170.00 500.00 12.00
170.00 490.00 15.00
170.00 480.00 18.00
170.00 470.00 19.00
170.00 460.00 19.00
170.00 450.00 20.00
170.00 440.00 22.00
170.00 430.00 21.00
170.00 420.00 20.00
170.00 410.00 20.00
170.00 400.00 20.00
170.00 390.00 18.00
170.00 380.00 16.00
170.00 370.00 16.00
170.00 360.00 16.00
170.00 350.00 17.00
170.00 340.00 17.00
170.00 330.00 19.00
170.00 320.00 19.00
170.00 310.00 19.00
170.00 300.00 19.00
170.00 290.00 18.00
170.00 280.00 16.00
170.00 270.00 15.00
170.00 260.00 14.00
170.00 250.00 13.00
170.00 240.00 13.00
170.00 230.00 13.00
170.00 220.00 12.00
170.00 210.00 10.00
170.00 200.00 7.00
170.00 190.00 3.00
170.00 180.00 2.00
170.00 170.00 1.00
170.00 160.00 1.00
170.00 150.00 2.00
170.00 140.00 1.00
170.00 130.00 2.00
170.00 120.00 3.00
170.00 110.00 2.00
170.00 100.00 3.00
170.00 90.00 2.00
170.00 80.00 1.00
170.00 70.00 1.00
170.00 60.00 1.00
170.00 50.00 1.00
170.00 40.00 1.00
170.00 30.00 1.00
170.00 20.00 1.00
170.00 10.00 1.00
170.00 0.00 1.00
180.00 0.00 1.00
180.00 10.00 1.00
180.00 20.00 1.00
180.00 30.00 1.00
180.00 40.00 1.00
180.00 50.00 1.00
180.00 60.00 1.00
180.00 70.00 1.00
180.00 80.00 1.00
180.00 90.00 1.00
180.00 100.00 2.00
180.00 110.00 3.00
180.00 120.00 4.00
180.00 130.00 3.00
180.00 140.00 3.00
180.00 150.00 1.00
180.00 160.00 1.00
180.00 170.00 2.00
180.00 180.00 4.00
180.00 190.00 4.00
180.00 200.00 8.00
180.00 210.00 11.00
180.00 220.00 12.00
180.00 230.00 13.00
180.00 240.00 14.00
180.00 250.00 14.00
180.00 260.00 15.00
180.00 270.00 16.00
180.00 280.00 18.00
180.00 290.00 19.00
180.00 300.00 20.00
180.00 310.00 22.00
180.00 320.00 20.00
180.00 330.00 22.00
180.00 340.00 22.00
180.00 350.00 21.00
180.00 360.00 20.00
180.00 370.00 21.00
180.00 380.00 21.00
180.00 390.00 22.00
180.00 400.00 22.00
180.00 410.00 24.00
180.00 420.00 24.00
180.00 430.00 22.00
180.00 440.00 22.00
180.00 450.00 21.00
180.00 460.00 19.00
180.00 470.00 20.00
180.00 480.00 18.00
180.00 490.00 17.00
180.00 500.00 14.00
190.00 500.00 14.00
190.00 490.00 17.00
190.00 480.00 20.00
190.00 470.00 21.00
190.00 460.00 24.00
190.00 450.00 26.00
190.00 440.00 25.00
190.00 430.00 26.00
190.00 420.00 27.00
190.00 410.00 26.00
190.00 400.00 26.00
190.00 390.00 26.00
190.00 380.00 25.00
190.00 370.00 24.00
190.00 360.00 24.00
190.00 350.00 24.00
190.00 340.00 22.00
190.00 330.00 22.00
190.00 320.00 22.00
190.00 310.00 24.00
190.00 300.00 24.00
190.00 290.00 21.00
190.00 280.00 20.00
190.00 270.00 18.00
190.00 260.00 18.00
190.00 250.00 17.00
190.00 240.00 16.00
190.00 230.00 15.00
190.00 220.00 14.00
190.00 210.00 12.00
190.00 200.00 9.00
190.00 190.00 7.00
190.00 180.00 5.00
190.00 170.00 4.00
190.00 160.00 4.00
190.00 150.00 5.00
190.00 140.00 5.00
190.00 130.00 5.00
190.00 120.00 5.00
190.00 110.00 5.00
190.00 100.00 3.00
190.00 90.00 2.00
190.00 80.00 1.00
190.00 70.00 1.00
190.00 60.00 1.00
190.00 50.00 1.00
190.00 40.00 1.00
190.00 30.00 1.00
190.00 20.00 1.00
190.00 10.00 1.00
190.00 0.00 1.00
200.00 0.00 1.00
200.00 10.00 1.00
200.00 20.00 1.00
200.00 30.00 1.00
200.00 40.00 1.00
200.00 50.00 1.00
200.00 60.00 1.00
200.00 70.00 1.00
200.00 80.00 1.00
200.00 90.00 1.00
200.00 100.00 1.00
200.00 110.00 2.00
200.00 120.00 5.00
200.00 130.00 5.00
200.00 140.00 7.00
200.00 150.00 5.00
200.00 160.00 7.00
200.00 170.00 7.00
200.00 180.00 8.00
200.00 190.00 8.00
200.00 200.00 10.00
200.00 210.00 11.00
200.00 220.00 14.00
200.00 230.00 15.00
200.00 240.00 15.00
200.00 250.00 18.00
200.00 260.00 17.00
200.00 270.00 18.00
200.00 280.00 20.00
200.00 290.00 21.00
200.00 300.00 22.00
200.00 310.00 22.00
200.00 320.00 22.00
200.00 330.00 22.00
200.00 340.00 24.00
200.00 350.00 22.00
200.00 360.00 22.00
200.00 370.00 24.00
200.00 380.00 24.00
200.00 390.00 24.00
200.00 400.00 25.00
200.00 410.00 25.00
200.00 420.00 25.00
200.00 430.00 25.00
200.00 440.00 24.00
200.00 450.00 22.00
200.00 460.00 22.00
200.00 470.00 22.00
200.00 480.00 20.00
200.00 490.00 19.00
200.00 500.00 18.00
210.00 500.00 19.00
210.00 490.00 20.00
210.00 480.00 22.00
210.00 470.00 25.00
210.00 460.00 25.00
210.00 450.00 25.00
210.00 440.00 25.00
210.00 430.00 26.00
210.00 420.00 26.00
210.00 410.00 26.00
210.00 400.00 25.00
210.00 390.00 26.00
210.00 380.00 25.00
210.00 370.00 24.00
210.00 360.00 24.00
210.00 350.00 24.00
210.00 340.00 24.00
210.00 330.00 25.00
210.00 320.00 22.00
210.00 310.00 24.00
210.00 300.00 22.00
210.00 290.00 22.00
210.00 280.00 20.00
210.00 270.00 19.00
210.00 260.00 19.00
210.00 250.00 18.00
210.00 240.00 18.00
210.00 230.00 17.00
210.00 220.00 15.00
210.00 210.00 14.00
210.00 200.00 13.00
210.00 190.00 12.00
210.00 180.00 11.00
210.00 170.00 10.00
210.00 160.00 10.00
210.00 150.00 9.00
210.00 140.00 9.00
210.00 130.00 8.00
210.00 120.00 5.00
210.00 110.00 3.00
210.00 100.00 1.00
210.00 90.00 1.00
210.00 80.00 1.00
210.00 70.00 1.00
210.00 60.00 1.00
210.00 50.00 1.00
210.00 40.00 1.00
210.00 30.00 1.00
210.00 20.00 1.00
210.00 10.00 1.00
210.00 0.00 1.00
220.00 0.00 1.00
220.00 10.00 1.00
220.00 20.00 1.00
220.00 30.00 1.00
220.00 40.00 1.00
220.00 50.00 1.00
220.00 60.00 1.00
220.00 70.00 1.00
220.00 80.00 1.00
220.00 90.00 1.00
220.00 100.00 1.00
220.00 110.00 1.00
220.00 120.00 3.00
220.00 130.00 5.00
220.00 140.00 8.00
220.00 150.00 9.00
220.00 160.00 10.00
220.00 170.00 11.00
220.00 180.00 12.00
220.00 190.00 12.00
220.00 200.00 13.00
220.00 210.00 15.00
220.00 220.00 16.00
220.00 230.00 17.00
220.00 240.00 18.00
220.00 250.00 19.00
220.00 260.00 20.00
220.00 270.00 20.00
220.00 280.00 22.00
220.00 290.00 24.00
220.00 300.00 24.00
220.00 310.00 26.00
220.00 320.00 24.00
220.00 330.00 26.00
220.00 340.00 26.00
220.00 350.00 26.00
220.00 360.00 25.00
220.00 370.00 26.00
220.00 380.00 26.00
220.00 390.00 26.00
220.00 400.00 26.00
220.00 410.00 25.00
220.00 420.00 26.00
220.00 430.00 26.00
220.00 440.00 25.00
220.00 450.00 26.00
220.00 460.00 25.00
220.00 470.00 25.00
220.00 480.00 25.00
220.00 490.00 24.00
220.00 500.00 24.00
230.00 500.00 24.00
230.00 490.00 25.00
230.00 480.00 27.00
230.00 470.00 29.00
230.00 460.00 27.00
230.00 450.00 28.00
230.00 440.00 28.00
230.00 430.00 28.00
230.00 420.00 28.00
230.00 410.00 29.00
230.00 400.00 29.00
230.00 390.00 28.00
230.00 380.00 29.00
230.00 370.00 29.00
230.00 360.00 29.00
230.00 350.00 28.00
230.00 340.00 28.00
230.00 330.00 28.00
230.00 320.00 27.00
230.00 310.00 27.00
230.00 300.00 26.00
230.00 290.00 26.00
230.00 280.00 24.00
230.00 270.00 22.00
230.00 260.00 21.00
230.00 250.00 21.00
230.00 240.00 21.00
230.00 230.00 20.00
230.00 220.00 18.00
230.00 210.00 17.00
230.00 200.00 15.00
230.00 190.00 14.00
230.00 180.00 14.00
230.00 170.00 13.00
230.00 160.00 12.00
230.00 150.00 7.00
230.00 140.00 5.00
230.00 130.00 2.00
230.00 120.00 1.00
230.00 110.00 1.00
230.00 100.00 1.00
230.00 90.00 1.00
230.00 80.00 1.00
230.00 70.00 1.00
230.00 60.00 1.00
230.00 50.00 1.00
230.00 40.00 1.00
230.00 30.00 1.00
230.00 20.00 1.00
230.00 10.00 1.00
230.00 0.00 1.00
240.00 0.00 1.00
240.00 10.00 1.00
240.00 20.00 1.00
240.00 30.00 1.00
240.00 40.00 1.00
240.00 50.00 1.00
240.00 60.00 1.00
240.00 70.00 1.00
240.00 80.00 1.00
240.00 90.00 1.00
240.00 100.00 1.00
240.00 110.00 1.00
240.00 120.00 1.00
240.00 130.00 1.00
240.00 140.00 2.00
240.00 150.00 8.00
240.00 160.00 9.00
240.00 170.00 11.00
240.00 180.00 13.00
240.00 190.00 14.00
240.00 200.00 14.00
240.00 210.00 15.00
240.00 220.00 16.00
240.00 230.00 17.00
240.00 240.00 18.00
240.00 250.00 20.00
240.00 260.00 21.00
240.00 270.00 21.00
240.00 280.00 22.00
240.00 290.00 24.00
240.00 300.00 26.00
240.00 310.00 27.00
240.00 320.00 27.00
240.00 330.00 28.00
240.00 340.00 28.00
240.00 350.00 29.00
240.00 360.00 28.00
240.00 370.00 28.00
240.00 380.00 28.00
240.00 390.00 30.00
240.00 400.00 29.00
240.00 410.00 28.00
240.00 420.00 28.00
240.00 430.00 28.00
240.00 440.00 28.00
240.00 450.00 28.00
240.00 460.00 27.00
240.00 470.00 27.00
240.00 480.00 27.00
240.00 490.00 28.00
240.00 500.00 26.00
250.00 500.00 26.00
250.00 490.00 28.00
250.00 480.00 28.00
250.00 470.00 29.00
250.00 460.00 29.00
250.00 450.00 30.00
250.00 440.00 30.00
250.00 430.00 31.00
250.00 420.00 31.00
250.00 410.00 31.00
250.00 400.00 31.00
250.00 390.00 30.00
250.00 380.00 30.00
250.00 370.00 31.00
250.00 360.00 30.00
250.00 350.00 30.00
250.00 340.00 30.00
250.00 330.00 30.00
250.00 320.00 28.00
250.00 310.00 30.00
250.00 300.00 27.00
250.00 290.00 27.00
250.00 280.00 26.00
250.00 270.00 25.00
250.00 260.00 24.00
250.00 250.00 21.00
250.00 240.00 20.00
250.00 230.00 18.00
250.00 220.00 18.00
250.00 210.00 16.00
250.00 200.00 16.00
250.00 190.00 16.00
250.00 180.00 14.00
250.00 170.00 12.00
250.00 160.00 9.00
250.00 150.00 4.00
250.00 140.00 2.00
250.00 130.00 1.00
250.00 120.00 1.00
250.00 110.00 1.00
250.00 100.00 1.00
250.00 90.00 1.00
250.00 80.00 1.00
250.00 70.00 1.00
250.00 60.00 1.00
250.00 50.00 1.00
250.00 40.00 1.00
250.00 30.00 1.00
250.00 20.00 1.00
250.00 10.00 1.00
250.00 0.00 1.00
260.00 0.00 1.00
260.00 10.00 1.00
260.00 20.00 1.00
260.00 30.00 1.00
260.00 40.00 1.00
260.00 50.00 1.00
260.00 60.00 1.00
260.00 70.00 1.00
260.00 80.00 1.00
260.00 90.00 1.00
260.00 100.00 1.00
260.00 110.00 1.00
260.00 120.00 1.00
260.00 130.00 1.00
260.00 140.00 1.00
260.00 150.00 1.00
260.00 160.00 4.00
260.00 170.00 7.00
260.00 180.00 10.00
260.00 190.00 11.00
260.00 200.00 13.00
260.00 210.00 14.00
260.00 220.00 17.00
260.00 230.00 17.00
260.00 240.00 19.00
260.00 250.00 19.00
260.00 260.00 19.00
260.00 270.00 22.00
260.00 280.00 25.00
260.00 290.00 25.00
260.00 300.00 28.00
260.00 310.00 28.00
260.00 320.00 28.00
260.00 330.00 28.00
260.00 340.00 28.00
260.00 350.00 30.00
260.00 360.00 30.00
260.00 370.00 30.00
260.00 380.00 30.00
260.00 390.00 30.00
260.00 400.00 30.00
260.00 410.00 31.00
260.00 420.00 30.00
260.00 430.00 30.00
260.00 440.00 29.00
260.00 450.00 30.00
260.00 460.00 29.00
260.00 470.00 29.00
260.00 480.00 30.00
260.00 490.00 28.00
260.00 500.00 28.00
270.00 500.00 28.00
270.00 490.00 29.00
270.00 480.00 30.00
270.00 470.00 32.00
270.00 460.00 31.00
270.00 450.00 32.00
270.00 440.00 32.00
270.00 430.00 31.00
270.00 420.00 32.00
270.00 410.00 32.00
270.00 400.00 32.00
270.00 390.00 32.00
270.00 380.00 32.00
270.00 370.00 31.00
270.00 360.00 31.00
270.00 350.00 32.00
270.00 340.00 30.00
270.00 330.00 30.00
270.00 320.00 30.00
270.00 310.00 29.00
270.00 300.00 29.00
270.00 290.00 28.00
270.00 280.00 28.00
270.00 270.00 25.00
270.00 260.00 21.00
270.00 250.00 20.00
270.00 240.00 20.00
270.00 230.00 18.00
270.00 220.00 18.00
270.00 210.00 16.00
270.00 200.00 15.00
270.00 190.00 12.00
270.00 180.00 10.00
270.00 170.00 7.00
270.00 160.00 2.00
270.00 150.00 1.00
270.00 140.00 1.00
270.00 130.00 1.00
270.00 120.00 1.00
270.00 110.00 1.00
270.00 100.00 1.00
270.00 90.00 1.00
270.00 80.00 1.00
270.00 70.00 1.00
270.00 60.00 1.00
270.00 50.00 1.00
270.00 40.00 1.00
270.00 30.00 1.00
270.00 20.00 1.00
270.00 10.00 1.00
270.00 0.00 1.00
280.00 0.00 1.00
280.00 10.00 1.00
280.00 20.00 1.00
280.00 30.00 1.00
280.00 40.00 1.00
280.00 50.00 1.00
280.00 60.00 1.00
280.00 70.00 1.00
280.00 80.00 1.00
280.00 90.00 1.00
280.00 100.00 1.00
280.00 110.00 1.00
280.00 120.00 1.00
280.00 130.00 1.00
280.00 140.00 1.00
280.00 150.00 1.00
280.00 160.00 1.00
280.00 170.00 1.00
280.00 180.00 7.00
280.00 190.00 11.00
280.00 200.00 13.00
280.00 210.00 14.00
280.00 220.00 16.00
280.00 230.00 16.00
280.00 240.00 18.00
280.00 250.00 19.00
280.00 260.00 20.00
280.00 270.00 22.00
280.00 280.00 25.00
280.00 290.00 27.00
280.00 300.00 28.00
280.00 310.00 29.00
280.00 320.00 28.00
280.00 330.00 30.00
280.00 340.00 30.00
280.00 350.00 30.00
280.00 360.00 31.00
280.00 370.00 30.00
280.00 380.00 31.00
280.00 390.00 31.00
280.00 400.00 33.00
280.00 410.00 33.00
280.00 420.00 32.00
280.00 430.00 33.00
280.00 440.00 31.00
280.00 450.00 32.00
280.00 460.00 31.00
280.00 470.00 31.00
280.00 480.00 30.00
280.00 490.00 30.00
280.00 500.00 29.00
290.00 500.00 29.00
290.00 490.00 30.00
290.00 480.00 31.00
290.00 470.00 33.00
290.00 460.00 34.00
290.00 450.00 34.00
290.00 440.00 34.00
290.00 430.00 35.00
290.00 420.00 33.00
290.00 410.00 33.00
290.00 400.00 34.00
290.00 390.00 33.00
290.00 380.00 33.00
290.00 370.00 33.00
290.00 360.00 33.00
290.00 350.00 32.00
290.00 340.00 31.00
290.00 330.00 31.00
290.00 320.00 30.00
290.00 310.00 30.00
290.00 300.00 30.00
Completed Scan: 1500 pts
